
S:1000G:500R:0,0.003000,0.045000,10.899000,0.003000
S:1000G:500R:1,0.003000,0.038000,10.335000,0.003000
